"Status","Start Time","Stop Time","Duration in ms","Parent Suite","Suite","Sub Suite","Test Class","Test Method","Name","Description"
"passed","Thu Jun 13 16:02:01 GMT 2024","Thu Jun 13 16:02:04 GMT 2024","3054","","CliKintoneTest-88 Should return the record contents in CSV format with -u and --password options.","","","","CliKintoneTest-88 Should return the record contents in CSV format with -u and --password options.",""
"passed","Thu Jun 13 16:01:20 GMT 2024","Thu Jun 13 16:01:20 GMT 2024","5","deleteAllRecords","","","","","should throw error when API response is error",""
"passed","Thu Jun 13 16:01:20 GMT 2024","Thu Jun 13 16:01:20 GMT 2024","9","convertFieldValue","","","","","[13] convert FILE field correctly",""
"passed","Thu Jun 13 16:01:19 GMT 2024","Thu Jun 13 16:01:19 GMT 2024","5","convertFieldValue","","","","","[0] convert RECORD_NUMBER field correctly",""
"passed","Thu Jun 13 16:01:22 GMT 2024","Thu Jun 13 16:01:22 GMT 2024","17","parseCsv","","","","","should convert empty csv string to JSON correctly",""
"passed","Thu Jun 13 16:01:19 GMT 2024","Thu Jun 13 16:01:19 GMT 2024","26","upsertRecords","","","","","should throw error because the record number is invalid",""
"passed","Thu Jun 13 16:01:23 GMT 2024","Thu Jun 13 16:01:23 GMT 2024","3","logHandler","","","","","should set ""debug"" to the log config level when log-level argument is ""debug""",""
"passed","Thu Jun 13 16:01:23 GMT 2024","Thu Jun 13 16:01:23 GMT 2024","6","hasAppCode","","","","","should pass (input: 123, appCode: App, result: false)",""
"passed","Thu Jun 13 16:01:57 GMT 2024","Thu Jun 13 16:01:59 GMT 2024","2114","","CliKintoneTest-29 Should return the error message when updating records with an API Token without View/Edit permission.","","","","CliKintoneTest-29 Should return the error message when updating records with an API Token without View/Edit permission.",""
"passed","Thu Jun 13 16:02:23 GMT 2024","Thu Jun 13 16:02:29 GMT 2024","5972","","CliKintoneTest-93 Should return the record contents and download attachments successfully with attachments in a record.","","","","CliKintoneTest-93 Should return the record contents and download attachments successfully with attachments in a record.",""
"passed","Thu Jun 13 16:01:19 GMT 2024","Thu Jun 13 16:01:19 GMT 2024","11","convertFieldValue","","","","","[28] convert STATUS field correctly",""
"passed","Thu Jun 13 16:03:17 GMT 2024","Thu Jun 13 16:03:19 GMT 2024","2310","","CliKintoneTest-49 Should return the error message when upserting with an unsupported field.","","","","CliKintoneTest-49 Should return the error message when upserting with an unsupported field.",""
"passed","Thu Jun 13 16:01:23 GMT 2024","Thu Jun 13 16:01:23 GMT 2024","2","createSchema","","","","","should create schema correctly",""
"passed","Thu Jun 13 16:01:19 GMT 2024","Thu Jun 13 16:01:19 GMT 2024","14","addRecords","","","","","should throw error when attachmentsDir is NOT given",""
"passed","Thu Jun 13 16:01:23 GMT 2024","Thu Jun 13 16:01:23 GMT 2024","1","utils/operateFilename.ts","","","","","should replace a special character",""
"passed","Thu Jun 13 16:02:40 GMT 2024","Thu Jun 13 16:02:48 GMT 2024","7225","","CliKintoneTest-151 Should delete the records successfully with an encoded utf8 CSV file, and --encoding option is utf8.","","","","CliKintoneTest-151 Should delete the records successfully with an encoded utf8 CSV file, and --encoding option is utf8.",""
"passed","Thu Jun 13 16:01:20 GMT 2024","Thu Jun 13 16:01:20 GMT 2024","6","Record command","Missing required parameters","","","","should throw error when missing subcommand",""
"passed","Thu Jun 13 16:01:19 GMT 2024","Thu Jun 13 16:01:19 GMT 2024","12","convertFieldValue","","","","","[30] convert SUBTABLE field correctly",""
"passed","Thu Jun 13 16:02:00 GMT 2024","Thu Jun 13 16:02:01 GMT 2024","483","","CliKintoneTest-133 Should return the error message when deleting records with valid and invalid API Tokens.","","","","CliKintoneTest-133 Should return the error message when deleting records with valid and invalid API Tokens.",""
"passed","Thu Jun 13 16:02:40 GMT 2024","Thu Jun 13 16:02:40 GMT 2024","506","","CliKintoneTest-150 Should return the error message when deleting records with incorrect guest space ID.","","","","CliKintoneTest-150 Should return the error message when deleting records with incorrect guest space ID.",""
"passed","Thu Jun 13 16:01:19 GMT 2024","Thu Jun 13 16:01:19 GMT 2024","28","upsertRecords","","","","","should upsert records correctly with a Record Number field even if the Record Number field isn't specified as update key",""
"passed","Thu Jun 13 16:03:31 GMT 2024","Thu Jun 13 16:03:33 GMT 2024","2653","","CliKintoneTest-55 Should import the records successfully with --fields specified, including field code of the table.","","","","CliKintoneTest-55 Should import the records successfully with --fields specified, including field code of the table.",""
"passed","Thu Jun 13 16:01:19 GMT 2024","Thu Jun 13 16:01:19 GMT 2024","8","convertFieldValue","","","","","[15] convert MODIFIER field correctly",""
"passed","Thu Jun 13 16:02:48 GMT 2024","Thu Jun 13 16:02:55 GMT 2024","7207","","CliKintoneTest-152 Should delete the records successfully with an encoded sjis CSV file, and --encoding option is sjis.","","","","CliKintoneTest-152 Should delete the records successfully with an encoded sjis CSV file, and --encoding option is sjis.",""
"passed","Thu Jun 13 16:01:46 GMT 2024","Thu Jun 13 16:01:46 GMT 2024","480","","CliKintoneTest-17 Should return the error message when the user information is incorrect","","","","CliKintoneTest-17 Should return the error message when the user information is incorrect",""
"passed","Thu Jun 13 16:03:33 GMT 2024","Thu Jun 13 16:03:36 GMT 2024","3035","","CliKintoneTest-60 Should import the records successfully with the correct guest space id.","","","","CliKintoneTest-60 Should import the records successfully with the correct guest space id.",""
"passed","Thu Jun 13 16:01:22 GMT 2024","Thu Jun 13 16:01:22 GMT 2024","23","parseCsv","","","","","should convert csv string to JSON correctly (LF)",""
"passed","Thu Jun 13 16:03:36 GMT 2024","Thu Jun 13 16:03:38 GMT 2024","1394","","CliKintoneTest-61 Should return the error message when the guest space does not exist.","","","","CliKintoneTest-61 Should return the error message when the guest space does not exist.",""
"passed","Thu Jun 13 16:01:23 GMT 2024","Thu Jun 13 16:01:23 GMT 2024","5","hasAppCode","","","","","should pass (input: 1, appCode: App, result: false)",""
"passed","Thu Jun 13 16:02:08 GMT 2024","Thu Jun 13 16:02:08 GMT 2024","508","","CliKintoneTest-138 Should return the error message when deleting records with an unsupported file.","","","","CliKintoneTest-138 Should return the error message when deleting records with an unsupported file.",""
"passed","Thu Jun 13 16:02:40 GMT 2024","Thu Jun 13 16:02:43 GMT 2024","3156","","CliKintoneTest-97 Should return the record contents with valid condition query (-c option).","","","","CliKintoneTest-97 Should return the record contents with valid condition query (-c option).",""
"passed","Thu Jun 13 16:02:15 GMT 2024","Thu Jun 13 16:02:18 GMT 2024","2112","","CliKintoneTest-140 Should return the error message when deleting records with non-existent record number.","","","","CliKintoneTest-140 Should return the error message when deleting records with non-existent record number.",""
"passed","Thu Jun 13 16:01:56 GMT 2024","Thu Jun 13 16:01:56 GMT 2024","498","","CliKintoneTest-27 Should return the error message when importing records with valid and invalid API Tokens.","","","","CliKintoneTest-27 Should return the error message when importing records with valid and invalid API Tokens.",""
"passed","Thu Jun 13 16:02:49 GMT 2024","Thu Jun 13 16:02:49 GMT 2024","526","","CliKintoneTest-42 Should return the error message when importing an unsupported file type.","","","","CliKintoneTest-42 Should return the error message when importing an unsupported file type.",""
"passed","Thu Jun 13 16:01:20 GMT 2024","Thu Jun 13 16:01:20 GMT 2024","3","buildHeaderFields","","","","","should generate fieldCode array correctly (data with subtable)",""
"passed","Thu Jun 13 16:01:20 GMT 2024","Thu Jun 13 16:01:20 GMT 2024","3","StandardLogger","","","","","should display DEBUG message when calling logger with ""debug"" level",""
"passed","Thu Jun 13 16:01:19 GMT 2024","Thu Jun 13 16:01:19 GMT 2024","12","addRecords","","","","","should includes a Record Number field",""
"passed","Thu Jun 13 16:02:01 GMT 2024","Thu Jun 13 16:02:08 GMT 2024","6681","","CliKintoneTest-135 Should delete the specified records successfully by --file-path option.","","","","CliKintoneTest-135 Should delete the specified records successfully by --file-path option.",""
"passed","Thu Jun 13 16:01:22 GMT 2024","Thu Jun 13 16:01:22 GMT 2024","21","parseCsv","","","","","should convert csv string to JSON correctly (CR)",""
"passed","Thu Jun 13 16:01:22 GMT 2024","Thu Jun 13 16:01:22 GMT 2024","10","File Generator functions","","","","","should throw error when file path is invalid",""
"passed","Thu Jun 13 16:01:21 GMT 2024","Thu Jun 13 16:01:21 GMT 2024","9","validateRecordNumbers","","","","","should throw error when the record number is mixed",""
"passed","Thu Jun 13 16:01:19 GMT 2024","Thu Jun 13 16:01:19 GMT 2024","6","convertFieldValue","","","","","[3] convert MULTI_LINE_TEXT field correctly",""
"passed","Thu Jun 13 16:01:21 GMT 2024","Thu Jun 13 16:01:21 GMT 2024","2","validateRecordNumbers","","","","","should not throw error",""
"passed","Thu Jun 13 16:01:23 GMT 2024","Thu Jun 13 16:01:23 GMT 2024","3","logHandler","","","","","should set ""debug"" to the log config level when verbose argument is true",""
"passed","Thu Jun 13 16:01:23 GMT 2024","Thu Jun 13 16:01:23 GMT 2024","1","parseCsv","","","","","should return the correct record number from CSV with subtable",""
"passed","Thu Jun 13 16:01:21 GMT 2024","Thu Jun 13 16:01:21 GMT 2024","9","csvStringifier","","","","","should convert kintone records to csv string correctly when FILE included and with attachmentsDir option",""
"passed","Thu Jun 13 16:02:43 GMT 2024","Thu Jun 13 16:02:47 GMT 2024","3430","","CliKintoneTest-98 Should return the record contents with valid --order-by option.","","","","CliKintoneTest-98 Should return the record contents with valid --order-by option.",""
"passed","Thu Jun 13 16:01:19 GMT 2024","Thu Jun 13 16:01:19 GMT 2024","6","upsertRecords","","","","","should upsert records correctly with record number",""
"passed","Thu Jun 13 16:02:57 GMT 2024","Thu Jun 13 16:03:01 GMT 2024","4011","","CliKintoneTest-167 Should not delete the records when specifying ""N"" in the confirmation prompt.","","","","CliKintoneTest-167 Should not delete the records when specifying ""N"" in the confirmation prompt.",""
"passed","Thu Jun 13 16:01:20 GMT 2024","Thu Jun 13 16:01:20 GMT 2024","4","deleteAllRecords","","","","","should pass parameters to the apiClient correctly",""
"passed","Thu Jun 13 16:01:19 GMT 2024","Thu Jun 13 16:01:19 GMT 2024","10","convertFieldValue","","","","","[23] convert ORGANIZATION_SELECT field correctly",""
"passed","Thu Jun 13 16:03:43 GMT 2024","Thu Jun 13 16:03:44 GMT 2024","1012","","CliKintoneTest-64 Should return the error message when importing records with an unsupported character code.","","","","CliKintoneTest-64 Should return the error message when importing records with an unsupported character code.",""
"passed","Thu Jun 13 16:01:20 GMT 2024","Thu Jun 13 16:01:20 GMT 2024","5","StandardLogger","","","","","should not display any message when calling logger with 'none' level",""
"passed","Thu Jun 13 16:03:13 GMT 2024","Thu Jun 13 16:03:13 GMT 2024","519","","CliKintoneTest-171 Should return the error message when the record number field code does not exist in the CSV file.","","","","CliKintoneTest-171 Should return the error message when the record number field code does not exist in the CSV file.",""
"passed","Thu Jun 13 16:01:21 GMT 2024","Thu Jun 13 16:01:21 GMT 2024","441","main","","","","","should throw error when an undefined command is passed",""
"passed","Thu Jun 13 16:01:18 GMT 2024","Thu Jun 13 16:01:18 GMT 2024","5","api","","","","","should pass basic auth params to the apiClient correctly",""
"passed","Thu Jun 13 16:01:52 GMT 2024","Thu Jun 13 16:01:53 GMT 2024","520","","CliKintoneTest-82 Should return the error message when exporting the record with a draft API Token.","","","","CliKintoneTest-82 Should return the error message when exporting the record with a draft API Token.",""
"passed","Thu Jun 13 16:01:19 GMT 2024","Thu Jun 13 16:01:19 GMT 2024","20","upsertRecords","","","","","should throw error when update key field is not unique",""
"passed","Thu Jun 13 16:03:53 GMT 2024","Thu Jun 13 16:03:56 GMT 2024","3078","","CliKintoneTest-76 Should import the records successfully including the Table field.","","","","CliKintoneTest-76 Should import the records successfully including the Table field.",""
"passed","Thu Jun 13 16:02:50 GMT 2024","Thu Jun 13 16:02:53 GMT 2024","3090","","CliKintoneTest-100 Should return the record contents when exporting the record with --fields specified.","","","","CliKintoneTest-100 Should return the record contents when exporting the record with --fields specified.",""
"passed","Thu Jun 13 16:03:09 GMT 2024","Thu Jun 13 16:03:13 GMT 2024","4352","","CliKintoneTest-170 Should not delete the records when pressing Enter (without a specific answer) in the confirmation prompt.","","","","CliKintoneTest-170 Should not delete the records when pressing Enter (without a specific answer) in the confirmation prompt.",""
"passed","Thu Jun 13 16:02:29 GMT 2024","Thu Jun 13 16:02:34 GMT 2024","4972","","CliKintoneTest-94 Should return the record contents and download attachments successfully with a TXT file.","","","","CliKintoneTest-94 Should return the record contents and download attachments successfully with a TXT file.",""
"passed","Thu Jun 13 16:01:23 GMT 2024","Thu Jun 13 16:01:23 GMT 2024","4","createSchema","","","","","userSelected should create schema correctly with updateKey",""
"passed","Thu Jun 13 16:01:56 GMT 2024","Thu Jun 13 16:01:57 GMT 2024","490","","CliKintoneTest-131 Should return the error message when deleting records with two valid API Token.","","","","CliKintoneTest-131 Should return the error message when deleting records with two valid API Token.",""
"passed","Thu Jun 13 16:01:18 GMT 2024","Thu Jun 13 16:01:18 GMT 2024","4","api","","","","","should pass guestSpaceId to the apiClient correctly",""
"passed","Thu Jun 13 16:01:20 GMT 2024","Thu Jun 13 16:01:20 GMT 2024","11","Helper functions","compareBuffers","","","","should return TRUE if two buffers are the same",""
"passed","Thu Jun 13 16:01:19 GMT 2024","Thu Jun 13 16:01:19 GMT 2024","5","addRecords","","","","","should not fail",""
"passed","Thu Jun 13 16:01:22 GMT 2024","Thu Jun 13 16:01:22 GMT 2024","12","readFile","","","","","can detect file format correctly",""
"passed","Thu Jun 13 16:01:20 GMT 2024","Thu Jun 13 16:01:20 GMT 2024","15","convertFieldValue","","","","","[28] convert SUBTABLE field correctly",""
"passed","Thu Jun 13 16:01:20 GMT 2024","Thu Jun 13 16:01:20 GMT 2024","13","convertFieldValue","","","","","[22] convert USER_SELECT field correctly",""
"passed","Thu Jun 13 16:01:21 GMT 2024","Thu Jun 13 16:01:21 GMT 2024","3","ProgressLogger","","","","","should show progress logs correctly with aborting",""
"passed","Thu Jun 13 16:03:07 GMT 2024","Thu Jun 13 16:03:10 GMT 2024","3043","","CliKintoneTest-112 Should return the record contents when exporting the record with --encoding option is sjis.","","","","CliKintoneTest-112 Should return the record contents when exporting the record with --encoding option is sjis.",""
"passed","Thu Jun 13 16:01:59 GMT 2024","Thu Jun 13 16:02:03 GMT 2024","3069","","CliKintoneTest-30 Should import the records successfully with username and password.","","","","CliKintoneTest-30 Should import the records successfully with username and password.",""
"passed","Thu Jun 13 16:02:11 GMT 2024","Thu Jun 13 16:02:17 GMT 2024","6193","","CliKintoneTest-35 Should import the records successfully with attachment.","","","","CliKintoneTest-35 Should import the records successfully with attachment.",""
"passed","Thu Jun 13 16:01:45 GMT 2024","Thu Jun 13 16:01:48 GMT 2024","3655","","CliKintoneTest-127 Should delete the records of the app in a space.","","","","CliKintoneTest-127 Should delete the records of the app in a space.",""
"passed","Thu Jun 13 16:02:56 GMT 2024","Thu Jun 13 16:02:56 GMT 2024","128","","CliKintoneTest-155 Should return the error message when specifying an unsupported encoding.","","","","CliKintoneTest-155 Should return the error message when specifying an unsupported encoding.",""
"passed","Thu Jun 13 16:01:19 GMT 2024","Thu Jun 13 16:01:19 GMT 2024","7","convertFieldValue","","","","","[7] convert DROP_DOWN field correctly",""
"passed","Thu Jun 13 16:02:03 GMT 2024","Thu Jun 13 16:02:06 GMT 2024","3018","","CliKintoneTest-31 Should import the records successfully with username (-u option) and password.","","","","CliKintoneTest-31 Should import the records successfully with username (-u option) and password.",""
"passed","Thu Jun 13 16:01:20 GMT 2024","Thu Jun 13 16:01:20 GMT 2024","9","userSelected","","","","","should throw an Error if specified field is not supported",""
"passed","Thu Jun 13 16:01:21 GMT 2024","Thu Jun 13 16:01:22 GMT 2024","669","main","","","","","should throw error when an undefined argument is passed",""
"passed","Thu Jun 13 16:01:46 GMT 2024","Thu Jun 13 16:01:49 GMT 2024","3010","","CliKintoneTest-21 Should import records to app in space successfully.","","","","CliKintoneTest-21 Should import records to app in space successfully.",""
"passed","Thu Jun 13 16:01:21 GMT 2024","Thu Jun 13 16:01:21 GMT 2024","8","validateRecordNumbers","","","","","should throw error when the record number is duplicated",""
"passed","Thu Jun 13 16:01:46 GMT 2024","Thu Jun 13 16:01:47 GMT 2024","490","","CliKintoneTest-18 Should return the error message when authorization information is incomplete (password)","","","","CliKintoneTest-18 Should return the error message when authorization information is incomplete (password)",""
"passed","Thu Jun 13 16:01:19 GMT 2024","Thu Jun 13 16:01:19 GMT 2024","5","convertFieldValue","","","","","[1] convert SINGLE_LINE_TEXT field correctly",""
"passed","Thu Jun 13 16:01:18 GMT 2024","Thu Jun 13 16:01:18 GMT 2024","5","api","","","","","should prioritize username and password over apiToken",""
"passed","Thu Jun 13 16:01:18 GMT 2024","Thu Jun 13 16:01:18 GMT 2024","3","api","","","","","should pass username and password to the apiClient correctly",""
"passed","Thu Jun 13 16:01:19 GMT 2024","Thu Jun 13 16:01:20 GMT 2024","7","convertFieldValue","","","","","[6] convert MULTI_LINE_TEXT field correctly",""
"passed","Thu Jun 13 16:01:19 GMT 2024","Thu Jun 13 16:01:19 GMT 2024","8","upsertRecords","","","","","should upsert records correctly with record number on kintone has app code",""
"passed","Thu Jun 13 16:03:04 GMT 2024","Thu Jun 13 16:03:07 GMT 2024","2312","","CliKintoneTest-46 Should return the error message when upserting with a non-prohibit duplicate values Text field.","","","","CliKintoneTest-46 Should return the error message when upserting with a non-prohibit duplicate values Text field.",""
"passed","Thu Jun 13 16:01:19 GMT 2024","Thu Jun 13 16:01:20 GMT 2024","7","convertFieldValue","","","","","[7] convert RICH_TEXT field correctly",""
"passed","Thu Jun 13 16:01:23 GMT 2024","Thu Jun 13 16:01:23 GMT 2024","5","hasAppCode","","","","","should pass (input: 123, appCode: , result: false)",""
"passed","Thu Jun 13 16:02:08 GMT 2024","Thu Jun 13 16:02:08 GMT 2024","122","","CliKintoneTest-136 Should return the error message when deleting records with a lacking value of --file-path option.","","","","CliKintoneTest-136 Should return the error message when deleting records with a lacking value of --file-path option.",""
"passed","Thu Jun 13 16:01:20 GMT 2024","Thu Jun 13 16:01:20 GMT 2024","13","convertFieldValue","","","","","[15] convert DATE field correctly",""
"passed","Thu Jun 13 16:01:19 GMT 2024","Thu Jun 13 16:01:19 GMT 2024","9","convertFieldValue","","","","","[13] convert TIME field correctly",""
"passed","Thu Jun 13 16:01:19 GMT 2024","Thu Jun 13 16:01:19 GMT 2024","3","groupByKey","","","","","can separate date source by group",""
"passed","Thu Jun 13 16:01:20 GMT 2024","Thu Jun 13 16:01:20 GMT 2024","15","convertFieldValue","","","","","[27] convert GROUP_SELECT field correctly",""
"passed","Thu Jun 13 16:01:18 GMT 2024","Thu Jun 13 16:01:18 GMT 2024","29","getRecords","","","","","should show warning message if there is no records exist in the app or match the condition.",""
"passed","Thu Jun 13 16:01:20 GMT 2024","Thu Jun 13 16:01:20 GMT 2024","14","Record command","Valid parameters","","","","should return the delete query correctly",""
"passed","Thu Jun 13 16:01:20 GMT 2024","Thu Jun 13 16:01:20 GMT 2024","3","Helper functions","generateCsvRow","","","","should generate CSV row correctly",""
"passed","Thu Jun 13 16:01:19 GMT 2024","Thu Jun 13 16:01:19 GMT 2024","23","upsertRecords","","","","","should throw error when the field specified in schema does not exist on input record",""
"passed","Thu Jun 13 16:01:54 GMT 2024","Thu Jun 13 16:01:55 GMT 2024","484","","CliKintoneTest-84 Should return the error message when exporting the record with duplicated API Tokens in same app.","","","","CliKintoneTest-84 Should return the error message when exporting the record with duplicated API Tokens in same app.",""
"passed","Thu Jun 13 16:01:23 GMT 2024","Thu Jun 13 16:01:23 GMT 2024","1","ParserError","","","","","should be constructed with CsvError",""
"passed","Thu Jun 13 16:01:42 GMT 2024","Thu Jun 13 16:01:45 GMT 2024","2996","","CliKintoneTest-23 Should import the records with API Token successfully.","","","","CliKintoneTest-23 Should import the records with API Token successfully.",""
"passed","Thu Jun 13 16:01:52 GMT 2024","Thu Jun 13 16:01:56 GMT 2024","3527","","CliKintoneTest-129 Should delete all records of a specified app","","","","CliKintoneTest-129 Should delete all records of a specified app",""
"passed","Thu Jun 13 16:01:21 GMT 2024","Thu Jun 13 16:01:21 GMT 2024","12","csvStringifier","","","","","should convert kintone records to csv string correctly when SUBTABLE included without attachmentsDir option",""
"passed","Thu Jun 13 16:01:45 GMT 2024","Thu Jun 13 16:01:46 GMT 2024","1057","","CliKintoneTest-20 Should return the error message when the user has no privilege to add records.","","","","CliKintoneTest-20 Should return the error message when the user has no privilege to add records.",""
"passed","Thu Jun 13 16:01:23 GMT 2024","Thu Jun 13 16:01:23 GMT 2024","4","createSchema","","","","","formLayout should create schema correctly",""
"passed","Thu Jun 13 16:01:19 GMT 2024","Thu Jun 13 16:01:19 GMT 2024","9","convertFieldValue","","","","","[18] convert FILE field correctly",""
"passed","Thu Jun 13 16:01:20 GMT 2024","Thu Jun 13 16:01:20 GMT 2024","10","Helper functions","validateRequireColumnsInTable","","","","should throw error when required columns are not found",""
"passed","Thu Jun 13 16:02:25 GMT 2024","Thu Jun 13 16:02:34 GMT 2024","8594","","CliKintoneTest-38 Should import the records successfully with multiple attachments on different fields in a record.","","","","CliKintoneTest-38 Should import the records successfully with multiple attachments on different fields in a record.",""
"passed","Thu Jun 13 16:01:21 GMT 2024","Thu Jun 13 16:01:21 GMT 2024","7","validateRecordNumbers","","","","","should throw error when the record number is not exists",""
"passed","Thu Jun 13 16:01:52 GMT 2024","Thu Jun 13 16:01:53 GMT 2024","524","","CliKintoneTest-25 Should return the error message when importing records with two valid API Token.","","","","CliKintoneTest-25 Should return the error message when importing records with two valid API Token.",""
"passed","Thu Jun 13 16:01:20 GMT 2024","Thu Jun 13 16:01:20 GMT 2024","11","Helper functions","compareBuffers","","","","should return FALSE if two buffers are different",""
"passed","Thu Jun 13 16:01:19 GMT 2024","Thu Jun 13 16:01:19 GMT 2024","9","upsertRecords","","","","","should upsert records correctly with number",""
"passed","Thu Jun 13 16:01:22 GMT 2024","Thu Jun 13 16:01:22 GMT 2024","5","File Generator functions","Generate file success","","","","should generate file correctly with baseDir",""
"passed","Thu Jun 13 16:01:20 GMT 2024","Thu Jun 13 16:01:20 GMT 2024","3","StandardLogger","","","","","should display WARN message when calling logger with ""warn"" level",""
"passed","Thu Jun 13 16:01:19 GMT 2024","Thu Jun 13 16:01:20 GMT 2024","6","convertFieldValue","","","","","[1] convert CREATED_TIME field correctly",""
"passed","Thu Jun 13 16:01:19 GMT 2024","Thu Jun 13 16:01:19 GMT 2024","11","convertFieldValue","","","","","[25] convert GROUP_SELECT field correctly",""
"passed","Thu Jun 13 16:01:21 GMT 2024","Thu Jun 13 16:01:21 GMT 2024","221","main","","","","","should throw error when no commands are passed",""
"passed","Thu Jun 13 16:01:20 GMT 2024","Thu Jun 13 16:01:20 GMT 2024","4","StandardLogger","","","","","should display FATAL message when calling logger with ""fatal"" level",""
"passed","Thu Jun 13 16:01:23 GMT 2024","Thu Jun 13 16:01:23 GMT 2024","6","hasAppCode","","","","","should pass (input: App-123, appCode: App, result: true)",""
"passed","Thu Jun 13 16:01:22 GMT 2024","Thu Jun 13 16:01:22 GMT 2024","3","stringifier","","","","","should stringify records as csv correctly (iterative)",""
"passed","Thu Jun 13 16:01:23 GMT 2024","Thu Jun 13 16:01:23 GMT 2024","3","logHandler","","","","","should set ""info"" to the log config level when log-level argument is ""info""",""
"passed","Thu Jun 13 16:01:19 GMT 2024","Thu Jun 13 16:01:20 GMT 2024","8","convertFieldValue","","","","","[8] convert LINK field correctly",""
"passed","Thu Jun 13 16:01:19 GMT 2024","Thu Jun 13 16:01:19 GMT 2024","6","convertFieldValue","","","","","[4] convert NUMBER field correctly",""
"passed","Thu Jun 13 16:01:42 GMT 2024","Thu Jun 13 16:01:42 GMT 2024","211","","CliKintoneTest-1 Should return the error message when specifying unknown option","","","","CliKintoneTest-1 Should return the error message when specifying unknown option",""
"passed","Thu Jun 13 16:02:47 GMT 2024","Thu Jun 13 16:02:50 GMT 2024","3231","","CliKintoneTest-99 Should return the error message when exporting the record with invalid order by query.","","","","CliKintoneTest-99 Should return the error message when exporting the record with invalid order by query.",""
"passed","Thu Jun 13 16:01:23 GMT 2024","Thu Jun 13 16:01:23 GMT 2024","5","logHandler","","","","","should set ""none"" to the log config level when log-level argument is ""none""",""
"passed","Thu Jun 13 16:01:20 GMT 2024","Thu Jun 13 16:01:20 GMT 2024","13","convertFieldValue","","","","","[16] convert DATE field correctly",""
"passed","Thu Jun 13 16:01:20 GMT 2024","Thu Jun 13 16:01:20 GMT 2024","9","getAllRecords","","","","","should pass parameters to the apiClient correctly (without orderBy)",""
"passed","Thu Jun 13 16:02:42 GMT 2024","Thu Jun 13 16:02:49 GMT 2024","6350","","CliKintoneTest-40 Should import the records successfully with .txt attachment.","","","","CliKintoneTest-40 Should import the records successfully with .txt attachment.",""
"passed","Thu Jun 13 16:01:20 GMT 2024","Thu Jun 13 16:01:20 GMT 2024","2","buildHeaderFields","","","","","should generate fieldCode array correctly (data without subtable)",""
"passed","Thu Jun 13 16:02:06 GMT 2024","Thu Jun 13 16:02:09 GMT 2024","3030","","CliKintoneTest-32 Should import the records successfully with username and password (-p option).","","","","CliKintoneTest-32 Should import the records successfully with username and password (-p option).",""
"passed","Thu Jun 13 16:01:23 GMT 2024","Thu Jun 13 16:01:23 GMT 2024","2","parseCsv","","","","","should return the correct record number from CSV without subtable",""
"passed","Thu Jun 13 16:01:19 GMT 2024","Thu Jun 13 16:01:19 GMT 2024","3","CliKintoneError","","","","","toStringCause should output the correct sentence. (inner: KintoneRestAPIError)",""
"passed","Thu Jun 13 16:02:09 GMT 2024","Thu Jun 13 16:02:11 GMT 2024","2134","","CliKintoneTest-33 Should import the records successfully with --attachments-dir specified and no attachment field.","","","","CliKintoneTest-33 Should import the records successfully with --attachments-dir specified and no attachment field.",""
"passed","Thu Jun 13 16:01:20 GMT 2024","Thu Jun 13 16:01:20 GMT 2024","2","fieldInSubtableReader","","","","","empty field value",""
"passed","Thu Jun 13 16:01:20 GMT 2024","Thu Jun 13 16:01:20 GMT 2024","6","StandardLogger","","","","","should display the correct log message corresponding to the log config level",""
"passed","Thu Jun 13 16:01:48 GMT 2024","Thu Jun 13 16:01:52 GMT 2024","3895","","CliKintoneTest-128 Should delete records when specifying an API Token and including username/password.","","","","CliKintoneTest-128 Should delete records when specifying an API Token and including username/password.",""
"passed","Thu Jun 13 16:02:37 GMT 2024","Thu Jun 13 16:02:40 GMT 2024","3051","","CliKintoneTest-96 Should return the error message when exporting the record with invalid condition query.","","","","CliKintoneTest-96 Should return the error message when exporting the record with invalid condition query.",""
"passed","Thu Jun 13 16:01:22 GMT 2024","Thu Jun 13 16:01:22 GMT 2024","18","parseCsv","","","","","should convert csv string with no record to JSON correctly",""
"passed","Thu Jun 13 16:01:42 GMT 2024","Thu Jun 13 16:01:43 GMT 2024","1001","","CliKintoneTest-6 Should return the error message when the baseUrl is non-existent subdomain","","","","CliKintoneTest-6 Should return the error message when the baseUrl is non-existent subdomain",""
"passed","Thu Jun 13 16:01:21 GMT 2024","Thu Jun 13 16:01:21 GMT 2024","3","Record - Subcommand","getArgumentsListBySubcommand","","","","should return the arguments list of the record delete correctly",""
"passed","Thu Jun 13 16:01:20 GMT 2024","Thu Jun 13 16:01:20 GMT 2024","3","StandardLogger","","","","","should display INFO message when calling logger with ""info"" level",""
"passed","Thu Jun 13 16:02:04 GMT 2024","Thu Jun 13 16:02:07 GMT 2024","3034","","CliKintoneTest-89 Should return the record contents in CSV format with --username and -p options.","","","","CliKintoneTest-89 Should return the record contents in CSV format with --username and -p options.",""
"passed","Thu Jun 13 16:01:19 GMT 2024","Thu Jun 13 16:01:19 GMT 2024","2","CliKintoneError","","","","","toStringCause should output the correct sentence. (inner: KintoneAllRecordsError)",""
"passed","Thu Jun 13 16:01:42 GMT 2024","Thu Jun 13 16:01:42 GMT 2024","123","","CliKintoneTest-5 Should return the error message when lacking of --base-url option","","","","CliKintoneTest-5 Should return the error message when lacking of --base-url option",""
"passed","Thu Jun 13 16:02:12 GMT 2024","Thu Jun 13 16:02:17 GMT 2024","4994","","CliKintoneTest-91 Should return the record contents and download attachments successfully to a non-existent directory.","","","","CliKintoneTest-91 Should return the record contents and download attachments successfully to a non-existent directory.",""
"passed","Thu Jun 13 16:01:18 GMT 2024","Thu Jun 13 16:01:18 GMT 2024","26","getRecords","","","","","should throw error when API response is error",""
"passed","Thu Jun 13 16:01:19 GMT 2024","Thu Jun 13 16:01:19 GMT 2024","10","upsertRecords","","","","","should upsert records correctly with single line text",""
"passed","Thu Jun 13 16:01:19 GMT 2024","Thu Jun 13 16:01:19 GMT 2024","4","withNextIterator","","","","","can iterate from data source with next value",""
"skipped","Thu Jun 13 16:01:18 GMT 2024","Thu Jun 13 16:01:18 GMT 2024","17","getRecords","","","","","can download files including special characters",""
"passed","Thu Jun 13 16:01:20 GMT 2024","Thu Jun 13 16:01:20 GMT 2024","8","deleteRecords","","","","","should throw error when API response is error",""
"passed","Thu Jun 13 16:01:19 GMT 2024","Thu Jun 13 16:01:19 GMT 2024","8","convertFieldValue","","","","","[11] convert DATETIME field correctly",""
"passed","Thu Jun 13 16:02:58 GMT 2024","Thu Jun 13 16:03:00 GMT 2024","2652","","CliKintoneTest-104 Should return the record contents when exporting the record with --fields specified, including field code of the table.","","","","CliKintoneTest-104 Should return the record contents when exporting the record with --fields specified, including field code of the table.",""
"passed","Thu Jun 13 16:01:21 GMT 2024","Thu Jun 13 16:01:21 GMT 2024","2","UpsertRecordsError","","","","","should return error message",""
"passed","Thu Jun 13 16:01:22 GMT 2024","Thu Jun 13 16:01:22 GMT 2024","16","readFile","","","","","throws error if format is JSON and encoding is not 'utf8'",""
"passed","Thu Jun 13 16:02:56 GMT 2024","Thu Jun 13 16:02:57 GMT 2024","1012","","CliKintoneTest-166 Should return the warning message when the specified app does not have any records.","","","","CliKintoneTest-166 Should return the warning message when the specified app does not have any records.",""
"passed","Thu Jun 13 16:01:23 GMT 2024","Thu Jun 13 16:01:23 GMT 2024","2","DeleteRecordsError","","","","","should return error message",""
"passed","Thu Jun 13 16:02:18 GMT 2024","Thu Jun 13 16:02:25 GMT 2024","7029","","CliKintoneTest-37 Should import the records successfully with multiple attachments on a field.","","","","CliKintoneTest-37 Should import the records successfully with multiple attachments on a field.",""
"passed","Thu Jun 13 16:02:36 GMT 2024","Thu Jun 13 16:02:40 GMT 2024","3532","","CliKintoneTest-149 Should delete the records of the app in a guest space.","","","","CliKintoneTest-149 Should delete the records of the app in a guest space.",""
"passed","Thu Jun 13 16:01:49 GMT 2024","Thu Jun 13 16:01:52 GMT 2024","3030","","CliKintoneTest-81 Should return the record contents in CSV format.","","","","CliKintoneTest-81 Should return the record contents in CSV format.",""
"passed","Thu Jun 13 16:01:19 GMT 2024","Thu Jun 13 16:01:19 GMT 2024","1","CliKintoneError","","","","","toStringCause should output the correct sentence. (inner: CliKintoneError)",""
"passed","Thu Jun 13 16:01:19 GMT 2024","Thu Jun 13 16:01:19 GMT 2024","2","chunked","","","","","can separate data source by chunk",""
"passed","Thu Jun 13 16:01:19 GMT 2024","Thu Jun 13 16:01:19 GMT 2024","9","convertFieldValue","","","","","[17] convert CHECK_BOX field correctly",""
"passed","Thu Jun 13 16:01:56 GMT 2024","Thu Jun 13 16:01:57 GMT 2024","885","","CliKintoneTest-28 Should return the error message when importing records with an API Token without Add permission.","","","","CliKintoneTest-28 Should return the error message when importing records with an API Token without Add permission.",""
"passed","Thu Jun 13 16:02:55 GMT 2024","Thu Jun 13 16:02:56 GMT 2024","520","","CliKintoneTest-154 Should return the error message when specifying an encoded utf8 CSV file, and --encoding option is sjis.","","","","CliKintoneTest-154 Should return the error message when specifying an encoded utf8 CSV file, and --encoding option is sjis.",""
"passed","Thu Jun 13 16:02:11 GMT 2024","Thu Jun 13 16:02:11 GMT 2024","524","","CliKintoneTest-34 Should return the error message when importing non-existent attachment.","","","","CliKintoneTest-34 Should return the error message when importing non-existent attachment.",""
"passed","Thu Jun 13 16:03:28 GMT 2024","Thu Jun 13 16:03:29 GMT 2024","1407","","CliKintoneTest-53 Should return the error message when importing records with --fields specified, including existent and non-existent field codes.","","","","CliKintoneTest-53 Should return the error message when importing records with --fields specified, including existent and non-existent field codes.",""
"passed","Thu Jun 13 16:02:33 GMT 2024","Thu Jun 13 16:02:36 GMT 2024","3521","","CliKintoneTest-144 Should delete the records without the delete confirmation message when specifying the -y option.","","","","CliKintoneTest-144 Should delete the records without the delete confirmation message when specifying the -y option.",""
"passed","Thu Jun 13 16:03:14 GMT 2024","Thu Jun 13 16:03:17 GMT 2024","2373","","CliKintoneTest-48 Should return the error message when upserting with a non-prohibit duplicate values Number field.","","","","CliKintoneTest-48 Should return the error message when upserting with a non-prohibit duplicate values Number field.",""
"passed","Thu Jun 13 16:03:14 GMT 2024","Thu Jun 13 16:03:16 GMT 2024","2100","","CliKintoneTest-125 Should return only field codes when exporting the records of the app which no data","","","","CliKintoneTest-125 Should return only field codes when exporting the records of the app which no data",""
"passed","Thu Jun 13 16:01:19 GMT 2024","Thu Jun 13 16:01:19 GMT 2024","7","convertFieldValue","","","","","[8] convert CALC field correctly",""
"passed","Thu Jun 13 16:03:10 GMT 2024","Thu Jun 13 16:03:10 GMT 2024","122","","CliKintoneTest-113 Should return the error message when exporting the record with an unsupported character encoding.","","","","CliKintoneTest-113 Should return the error message when exporting the record with an unsupported character encoding.",""
"passed","Thu Jun 13 16:01:23 GMT 2024","Thu Jun 13 16:01:23 GMT 2024","2","DeleteAllRecordsError","","","","","should return error message",""
"passed","Thu Jun 13 16:01:21 GMT 2024","Thu Jun 13 16:01:21 GMT 2024","13","csvStringifier","","","","","should convert kintone records to csv string correctly when SUBTABLE value is an empty array",""
"passed","Thu Jun 13 16:01:22 GMT 2024","Thu Jun 13 16:01:22 GMT 2024","7","parseCsv","","","","","should convert csv string to JSON correctly",""
"passed","Thu Jun 13 16:01:42 GMT 2024","Thu Jun 13 16:01:42 GMT 2024","116","","CliKintoneTest-4 Should return the help description by --help","","","","CliKintoneTest-4 Should return the help description by --help",""
"passed","Thu Jun 13 16:01:19 GMT 2024","Thu Jun 13 16:01:19 GMT 2024","8","convertFieldValue","","","","","[14] convert CREATOR field correctly",""
"passed","Thu Jun 13 16:01:20 GMT 2024","Thu Jun 13 16:01:20 GMT 2024","15","convertFieldValue","","","","","[26] convert GROUP_SELECT field correctly",""
"passed","Thu Jun 13 16:03:40 GMT 2024","Thu Jun 13 16:03:43 GMT 2024","3016","","CliKintoneTest-63 Should import the records successfully with --encoding option is sjis.","","","","CliKintoneTest-63 Should import the records successfully with --encoding option is sjis.",""
"passed","Thu Jun 13 16:01:20 GMT 2024","Thu Jun 13 16:01:20 GMT 2024","8","convertFieldValue","","","","","[11] convert DROP_DOWN field correctly",""
"passed","Thu Jun 13 16:01:22 GMT 2024","Thu Jun 13 16:01:22 GMT 2024","24","readFile","","","","","can read sjis encoded csv file correctly",""
"passed","Thu Jun 13 16:02:17 GMT 2024","Thu Jun 13 16:02:18 GMT 2024","523","","CliKintoneTest-36 Should return the error message when importing records with a non-existent directory.","","","","CliKintoneTest-36 Should return the error message when importing records with a non-existent directory.",""
"passed","Thu Jun 13 16:03:07 GMT 2024","Thu Jun 13 16:03:14 GMT 2024","7486","","CliKintoneTest-47 Should upsert the records successfully with --update-key is a Number field.","","","","CliKintoneTest-47 Should upsert the records successfully with --update-key is a Number field.",""
"passed","Thu Jun 13 16:02:34 GMT 2024","Thu Jun 13 16:02:37 GMT 2024","3010","","CliKintoneTest-95 Should return the record contents with valid condition query.","","","","CliKintoneTest-95 Should return the record contents with valid condition query.",""
"passed","Thu Jun 13 16:01:23 GMT 2024","Thu Jun 13 16:01:23 GMT 2024","12","hasAppCode","","","","","should throw with invalid error (input: App-123, appCode: )",""
"passed","Thu Jun 13 16:01:58 GMT 2024","Thu Jun 13 16:01:58 GMT 2024","486","","CliKintoneTest-86 Should return the error message when exporting the record with multiple API tokens, including a valid API token and an invalid API token.","","","","CliKintoneTest-86 Should return the error message when exporting the record with multiple API tokens, including a valid API token and an invalid API token.",""
"passed","Thu Jun 13 16:01:18 GMT 2024","Thu Jun 13 16:01:18 GMT 2024","6","api","","","","","should pass information of client certificate to the apiClient correctly",""
"passed","Thu Jun 13 16:01:19 GMT 2024","Thu Jun 13 16:01:20 GMT 2024","5","convertFieldValue","","","","","[2] convert MODIFIER field correctly",""
"passed","Thu Jun 13 16:01:20 GMT 2024","Thu Jun 13 16:01:20 GMT 2024","13","Record command","Valid parameters","","","","should return the export query correctly",""
"passed","Thu Jun 13 16:02:34 GMT 2024","Thu Jun 13 16:02:42 GMT 2024","8612","","CliKintoneTest-39 Should import the records successfully with multiple attachments on different records.","","","","CliKintoneTest-39 Should import the records successfully with multiple attachments on different records.",""
"passed","Thu Jun 13 16:01:21 GMT 2024","Thu Jun 13 16:01:21 GMT 2024","5","validateRecordNumbers","","","","","should throw error when the record number is invalid",""
"passed","Thu Jun 13 16:01:44 GMT 2024","Thu Jun 13 16:01:44 GMT 2024","123","","CliKintoneTest-10 Should return the error message when lacking of --app option","","","","CliKintoneTest-10 Should return the error message when lacking of --app option",""
"passed","Thu Jun 13 16:01:21 GMT 2024","Thu Jun 13 16:01:21 GMT 2024","11","csvStringifier","","","","","should convert kintone records to csv string correctly when SUBTABLE included with attachmentsDir option",""
"passed","Thu Jun 13 16:01:19 GMT 2024","Thu Jun 13 16:01:19 GMT 2024","7","convertFieldValue","","","","","[5] convert RICH_TEXT field correctly",""
"passed","Thu Jun 13 16:01:23 GMT 2024","Thu Jun 13 16:01:23 GMT 2024","4","logHandler","","","","","should set ""fatal"" to the log config level when log-level argument is ""fatal""",""
"passed","Thu Jun 13 16:01:20 GMT 2024","Thu Jun 13 16:01:20 GMT 2024","14","convertFieldValue","","","","","[25] convert ORGANIZATION_SELECT field correctly",""
"passed","Thu Jun 13 16:01:19 GMT 2024","Thu Jun 13 16:01:19 GMT 2024","21","upsertRecords","","","","","should throw error when non-existent field is passed as update key",""
"passed","Thu Jun 13 16:01:19 GMT 2024","Thu Jun 13 16:01:19 GMT 2024","7","convertFieldValue","","","","","[9] convert UPDATED_TIME field correctly",""
"passed","Thu Jun 13 16:01:19 GMT 2024","Thu Jun 13 16:01:19 GMT 2024","12","upsertRecords","","","","","should upsert records with correct order",""
"passed","Thu Jun 13 16:01:19 GMT 2024","Thu Jun 13 16:01:19 GMT 2024","6","convertFieldValue","","","","","[2] convert RADIO_BUTTON field correctly",""
"passed","Thu Jun 13 16:01:18 GMT 2024","Thu Jun 13 16:01:18 GMT 2024","7","api","","","","","should pass information of proxy server to the apiClient correctly",""
"passed","Thu Jun 13 16:01:18 GMT 2024","Thu Jun 13 16:01:18 GMT 2024","8","getRecords","","","","","should not be failed",""
"passed","Thu Jun 13 16:01:19 GMT 2024","Thu Jun 13 16:01:19 GMT 2024","27","upsertRecords","","","","","should upsert records correctly with non-updatable fields",""
"passed","Thu Jun 13 16:01:23 GMT 2024","Thu Jun 13 16:01:23 GMT 2024","2","ParserError","","","","","should be constructed with string cause",""
"passed","Thu Jun 13 16:02:57 GMT 2024","Thu Jun 13 16:03:04 GMT 2024","7492","","CliKintoneTest-45 Should upsert the records successfully with --update-key is a Text field.","","","","CliKintoneTest-45 Should upsert the records successfully with --update-key is a Text field.",""
"passed","Thu Jun 13 16:01:44 GMT 2024","Thu Jun 13 16:01:44 GMT 2024","140","","CliKintoneTest-11 Should return the error message when lacking the value of --app option","","","","CliKintoneTest-11 Should return the error message when lacking the value of --app option",""
"passed","Thu Jun 13 16:01:19 GMT 2024","Thu Jun 13 16:01:19 GMT 2024","3","groupByKeyChunked","","","","","can separate date source by group and chunked",""
"passed","Thu Jun 13 16:02:32 GMT 2024","Thu Jun 13 16:02:33 GMT 2024","1221","","CliKintoneTest-143 Should return the error message when deleting records with incorrect App Code.","","","","CliKintoneTest-143 Should return the error message when deleting records with incorrect App Code.",""
"passed","Thu Jun 13 16:01:18 GMT 2024","Thu Jun 13 16:01:18 GMT 2024","4","api","","","","","should pass apiToken to the apiClient correctly",""
"passed","Thu Jun 13 16:01:23 GMT 2024","Thu Jun 13 16:01:23 GMT 2024","11","isMismatchEncoding","","","","","should detect the mismatch encoding correctly",""
"passed","Thu Jun 13 16:01:21 GMT 2024","Thu Jun 13 16:01:21 GMT 2024","1","AddRecordsError","","","","","should return error message",""
"passed","Thu Jun 13 16:01:56 GMT 2024","Thu Jun 13 16:01:56 GMT 2024","487","","CliKintoneTest-130 Should return the error message when deleting the record with a draft API Token.","","","","CliKintoneTest-130 Should return the error message when deleting the record with a draft API Token.",""
"passed","Thu Jun 13 16:01:55 GMT 2024","Thu Jun 13 16:01:58 GMT 2024","3052","","CliKintoneTest-85 Should return the record contents with two valid API tokens in different apps.","","","","CliKintoneTest-85 Should return the record contents with two valid API tokens in different apps.",""
"passed","Thu Jun 13 16:03:19 GMT 2024","Thu Jun 13 16:03:22 GMT 2024","2980","","CliKintoneTest-50 Should return the error message when upserting with an API Token without Edit permission.","","","","CliKintoneTest-50 Should return the error message when upserting with an API Token without Edit permission.",""
"passed","Thu Jun 13 16:01:47 GMT 2024","Thu Jun 13 16:01:47 GMT 2024","485","","CliKintoneTest-19 Should return the error message when incorrect authorization information (password)","","","","CliKintoneTest-19 Should return the error message when incorrect authorization information (password)",""
"passed","Thu Jun 13 16:01:22 GMT 2024","Thu Jun 13 16:01:22 GMT 2024","9","File Generator functions","","","","","should throw error when generating unsupported file extension",""
"passed","Thu Jun 13 16:01:22 GMT 2024","Thu Jun 13 16:01:22 GMT 2024","16","readFile","","","","","can read utf8 encoded csv file correctly",""
"passed","Thu Jun 13 16:01:19 GMT 2024","Thu Jun 13 16:01:19 GMT 2024","12","convertFieldValue","","","","","[29] convert STATUS_ASSIGNEE field correctly",""
"passed","Thu Jun 13 16:02:49 GMT 2024","Thu Jun 13 16:02:49 GMT 2024","157","","CliKintoneTest-41 Should return the error message when lacking of --file-path option.","","","","CliKintoneTest-41 Should return the error message when lacking of --file-path option.",""
"passed","Thu Jun 13 16:03:38 GMT 2024","Thu Jun 13 16:03:40 GMT 2024","2637","","CliKintoneTest-62 Should import the records successfully with --encoding option is utf8.","","","","CliKintoneTest-62 Should import the records successfully with --encoding option is utf8.",""
"passed","Thu Jun 13 16:01:44 GMT 2024","Thu Jun 13 16:01:44 GMT 2024","527","","CliKintoneTest-12 Should return the error message when the app doesn't exist","","","","CliKintoneTest-12 Should return the error message when the app doesn't exist",""
"passed","Thu Jun 13 16:02:01 GMT 2024","Thu Jun 13 16:02:01 GMT 2024","119","","CliKintoneTest-134 Should return the error message when authorizing with username/password.","","","","CliKintoneTest-134 Should return the error message when authorizing with username/password.",""
"passed","Thu Jun 13 16:01:21 GMT 2024","Thu Jun 13 16:01:21 GMT 2024","14","csvStringifier","","","","","should convert empty array to csv string correctly",""
"passed","Thu Jun 13 16:01:19 GMT 2024","Thu Jun 13 16:01:19 GMT 2024","8","convertFieldValue","","","","","[12] convert DATE field correctly",""
"passed","Thu Jun 13 16:01:19 GMT 2024","Thu Jun 13 16:01:19 GMT 2024","20","upsertRecords","","","","","should throw error when unsupported field is passed as update key",""
"passed","Thu Jun 13 16:01:23 GMT 2024","Thu Jun 13 16:01:23 GMT 2024","3","logHandler","","","","","should set ""warn"" to the log config level when log-level argument is ""warn""",""
"passed","Thu Jun 13 16:01:20 GMT 2024","Thu Jun 13 16:01:20 GMT 2024","13","convertFieldValue","","","","","[18] convert TIME field correctly",""
"passed","Thu Jun 13 16:01:19 GMT 2024","Thu Jun 13 16:01:19 GMT 2024","17","addRecords","","","","","should upload files correctly when attachmentsDir is given and with subtable",""
"passed","Thu Jun 13 16:01:20 GMT 2024","Thu Jun 13 16:01:20 GMT 2024","17","getAllRecords","","","","","should pass parameters to the apiClient correctly (with orderBy)",""
"passed","Thu Jun 13 16:01:49 GMT 2024","Thu Jun 13 16:01:52 GMT 2024","3021","","CliKintoneTest-22 Should import records to app with --api-token and --username, --password successfully.","","","","CliKintoneTest-22 Should import records to app with --api-token and --username, --password successfully.",""
"passed","Thu Jun 13 16:02:56 GMT 2024","Thu Jun 13 16:02:57 GMT 2024","865","","CliKintoneTest-102 Should return the error message when exporting records with --fields specified, including existent and non-existent field codes.","","","","CliKintoneTest-102 Should return the error message when exporting records with --fields specified, including existent and non-existent field codes.",""
"passed","Thu Jun 13 16:03:29 GMT 2024","Thu Jun 13 16:03:31 GMT 2024","1391","","CliKintoneTest-54 Should return the error message when importing records with --fields specified, including fields within a table.","","","","CliKintoneTest-54 Should return the error message when importing records with --fields specified, including fields within a table.",""
"passed","Thu Jun 13 16:01:20 GMT 2024","Thu Jun 13 16:01:20 GMT 2024","9","convertFieldValue","","","","","[14] convert FILE field correctly",""
"passed","Thu Jun 13 16:01:20 GMT 2024","Thu Jun 13 16:01:20 GMT 2024","13","convertFieldValue","","","","","[21] convert DATETIME field correctly",""
"passed","Thu Jun 13 16:01:43 GMT 2024","Thu Jun 13 16:01:44 GMT 2024","112","","CliKintoneTest-8 Should return the error message when the protocol of baseUrl is not HTTPS","","","","CliKintoneTest-8 Should return the error message when the protocol of baseUrl is not HTTPS",""
"passed","Thu Jun 13 16:01:23 GMT 2024","Thu Jun 13 16:01:23 GMT 2024","5","hasAppCode","","","","","should pass (input: 1, appCode: , result: false)",""
"passed","Thu Jun 13 16:01:46 GMT 2024","Thu Jun 13 16:01:46 GMT 2024","477","","CliKintoneTest-15 Should return the error message when the API token is incorrect","","","","CliKintoneTest-15 Should return the error message when the API token is incorrect",""
"passed","Thu Jun 13 16:01:22 GMT 2024","Thu Jun 13 16:01:22 GMT 2024","2","stringifier","","","","","should stringify records as csv correctly",""
"passed","Thu Jun 13 16:01:44 GMT 2024","Thu Jun 13 16:01:44 GMT 2024","118","","CliKintoneTest-9 Should return the error message when the baseUrl is not URL format","","","","CliKintoneTest-9 Should return the error message when the baseUrl is not URL format",""
"passed","Thu Jun 13 16:01:21 GMT 2024","Thu Jun 13 16:01:22 GMT 2024","899","main","","","","","should throw error when required arguments are missing",""
"passed","Thu Jun 13 16:01:19 GMT 2024","Thu Jun 13 16:01:20 GMT 2024","6","convertFieldValue","","","","","[0] convert CREATOR field correctly",""
"passed","Thu Jun 13 16:01:21 GMT 2024","Thu Jun 13 16:01:21 GMT 2024","7","csvStringifier","","","","","should convert kintone records to csv string correctly",""
"passed","Thu Jun 13 16:01:21 GMT 2024","Thu Jun 13 16:01:21 GMT 2024","2","ProgressLogger","","","","","should show progress logs correctly",""
"passed","Thu Jun 13 16:02:07 GMT 2024","Thu Jun 13 16:02:12 GMT 2024","5047","","CliKintoneTest-90 Should return the record contents and download attachments successfully to an existing directory.","","","","CliKintoneTest-90 Should return the record contents and download attachments successfully to an existing directory.",""
"passed","Thu Jun 13 16:01:58 GMT 2024","Thu Jun 13 16:02:01 GMT 2024","3046","","CliKintoneTest-87 Should return the record contents in CSV format with --username and --password options.","","","","CliKintoneTest-87 Should return the record contents in CSV format with --username and --password options.",""
"passed","Thu Jun 13 16:01:21 GMT 2024","Thu Jun 13 16:01:21 GMT 2024","3","Record - Subcommand","getArgumentsListBySubcommand","","","","should return the arguments list of the record export correctly",""
"passed","Thu Jun 13 16:01:19 GMT 2024","Thu Jun 13 16:01:20 GMT 2024","6","convertFieldValue","","","","","[3] convert UPDATED_TIME field correctly",""
"passed","Thu Jun 13 16:01:20 GMT 2024","Thu Jun 13 16:01:20 GMT 2024","7","convertFieldValue","","","","","[10] convert RADIO_BUTTON field correctly",""
"passed","Thu Jun 13 16:01:23 GMT 2024","Thu Jun 13 16:01:23 GMT 2024","3","createSchema","","","","","userSelected should create schema correctly",""
"passed","Thu Jun 13 16:01:20 GMT 2024","Thu Jun 13 16:01:20 GMT 2024","5","StandardLogger","","","","","should display the correct log message with multiple lines message",""
"passed","Thu Jun 13 16:01:19 GMT 2024","Thu Jun 13 16:01:19 GMT 2024","11","convertFieldValue","","","","","[27] convert CATEGORY field correctly",""
"passed","Thu Jun 13 16:01:42 GMT 2024","Thu Jun 13 16:01:42 GMT 2024","105","","CliKintoneTest-3 Should return the cli-kintone version in correct format when using `cli-kintone --version`","","","","CliKintoneTest-3 Should return the cli-kintone version in correct format when using `cli-kintone --version`",""
"passed","Thu Jun 13 16:03:25 GMT 2024","Thu Jun 13 16:03:28 GMT 2024","3004","","CliKintoneTest-52 Should import the records successfully with --fields specified multiple existent field codes.","","","","CliKintoneTest-52 Should import the records successfully with --fields specified multiple existent field codes.",""
"skipped","Thu Jun 13 16:01:18 GMT 2024","Thu Jun 13 16:01:18 GMT 2024","16","getRecords","","","","","can download files including special characters in subTable",""
"passed","Thu Jun 13 16:01:45 GMT 2024","Thu Jun 13 16:01:46 GMT 2024","597","","CliKintoneTest-14 Should return the error message when no authorized information","","","","CliKintoneTest-14 Should return the error message when no authorized information",""
"passed","Thu Jun 13 16:01:46 GMT 2024","Thu Jun 13 16:01:49 GMT 2024","3085","","CliKintoneTest-80 Should return the record contents in CSV format with an invalid --api-token and a valid --username/--password.","","","","CliKintoneTest-80 Should return the record contents in CSV format with an invalid --api-token and a valid --username/--password.",""
"passed","Thu Jun 13 16:02:08 GMT 2024","Thu Jun 13 16:02:15 GMT 2024","7046","","CliKintoneTest-139 Should delete the records of the app in which the Record_number field code has been changed.","","","","CliKintoneTest-139 Should delete the records of the app in which the Record_number field code has been changed.",""
"passed","Thu Jun 13 16:02:49 GMT 2024","Thu Jun 13 16:02:57 GMT 2024","7539","","CliKintoneTest-44 Should upsert the records successfully with --update-key, a Record_number field.","","","","CliKintoneTest-44 Should upsert the records successfully with --update-key, a Record_number field.",""
"passed","Thu Jun 13 16:01:19 GMT 2024","Thu Jun 13 16:01:19 GMT 2024","9","convertFieldValue","","","","","[21] convert USER_SELECT field correctly",""
"passed","Thu Jun 13 16:01:20 GMT 2024","Thu Jun 13 16:01:20 GMT 2024","8","userSelected","","","","","should throw an Error if specified field does not exist",""
"passed","Thu Jun 13 16:02:55 GMT 2024","Thu Jun 13 16:02:55 GMT 2024","174","","CliKintoneTest-153 Should return the error message when specifying an encoded sjis CSV file, and --encoding option is utf8.","","","","CliKintoneTest-153 Should return the error message when specifying an encoded sjis CSV file, and --encoding option is utf8.",""
"passed","Thu Jun 13 16:02:25 GMT 2024","Thu Jun 13 16:02:32 GMT 2024","7031","","CliKintoneTest-142 Should delete the records of the app that have set the App Code, and the Record_number does not contain the App Code.","","","","CliKintoneTest-142 Should delete the records of the app that have set the App Code, and the Record_number does not contain the App Code.",""
"passed","Thu Jun 13 16:01:53 GMT 2024","Thu Jun 13 16:01:54 GMT 2024","1223","","CliKintoneTest-83 Should return the error message when exporting the record with a non-relevant API Token.","","","","CliKintoneTest-83 Should return the error message when exporting the record with a non-relevant API Token.",""
"passed","Thu Jun 13 16:01:19 GMT 2024","Thu Jun 13 16:01:19 GMT 2024","25","upsertRecords","","","","","should throw error when the field in table specified in schema does not exist on input record",""
"passed","Thu Jun 13 16:01:19 GMT 2024","Thu Jun 13 16:01:19 GMT 2024","16","addRecords","","","","","should upload files correctly when attachmentsDir is given",""
"passed","Thu Jun 13 16:02:08 GMT 2024","Thu Jun 13 16:02:08 GMT 2024","128","","CliKintoneTest-137 Should return the error message when deleting records with a non-existent file.","","","","CliKintoneTest-137 Should return the error message when deleting records with a non-existent file.",""
"passed","Thu Jun 13 16:03:22 GMT 2024","Thu Jun 13 16:03:25 GMT 2024","3002","","CliKintoneTest-51 Should import the records successfully with --fields specified.","","","","CliKintoneTest-51 Should import the records successfully with --fields specified.",""
"passed","Thu Jun 13 16:01:23 GMT 2024","Thu Jun 13 16:01:23 GMT 2024","10","hasAppCode","","","","","should throw with invalid error (input: Hoge-123, appCode: App)",""
"passed","Thu Jun 13 16:01:20 GMT 2024","Thu Jun 13 16:01:20 GMT 2024","2","deleteAllRecords","","","","","should not fail",""
"passed","Thu Jun 13 16:01:43 GMT 2024","Thu Jun 13 16:01:46 GMT 2024","3235","","CliKintoneTest-79 Should return the record contents in CSV format of the app in a space.","","","","CliKintoneTest-79 Should return the record contents in CSV format of the app in a space.",""
"passed","Thu Jun 13 16:01:42 GMT 2024","Thu Jun 13 16:01:43 GMT 2024","1399","","CliKintoneTest-78 Should return the error message when the user has no privilege to view records.","","","","CliKintoneTest-78 Should return the error message when the user has no privilege to view records.",""
"passed","Thu Jun 13 16:01:20 GMT 2024","Thu Jun 13 16:01:20 GMT 2024","6","Record command","Missing required parameters","","","","should throw error when missing required argument",""
"passed","Thu Jun 13 16:01:19 GMT 2024","Thu Jun 13 16:01:20 GMT 2024","7","convertFieldValue","","","","","[5] convert NUMBER field correctly",""
"passed","Thu Jun 13 16:01:22 GMT 2024","Thu Jun 13 16:01:22 GMT 2024","19","parseCsv","","","","","should convert csv string to JSON correctly (CRLF)",""
"passed","Thu Jun 13 16:01:19 GMT 2024","Thu Jun 13 16:01:19 GMT 2024","10","convertFieldValue","","","","","[19] convert FILE field correctly",""
"passed","Thu Jun 13 16:03:01 GMT 2024","Thu Jun 13 16:03:05 GMT 2024","3889","","CliKintoneTest-168 Should delete the records when specifying ""Y"" in the confirmation prompt.","","","","CliKintoneTest-168 Should delete the records when specifying ""Y"" in the confirmation prompt.",""
"passed","Thu Jun 13 16:03:56 GMT 2024","Thu Jun 13 16:03:57 GMT 2024","935","","CliKintoneTest-77 Should return the error message when importing with empty input for the required field.","","","","CliKintoneTest-77 Should return the error message when importing with empty input for the required field.",""
"passed","Thu Jun 13 16:01:20 GMT 2024","Thu Jun 13 16:01:20 GMT 2024","14","convertFieldValue","","","","","[23] convert USER_SELECT field correctly",""
"passed","Thu Jun 13 16:01:18 GMT 2024","Thu Jun 13 16:01:18 GMT 2024","16","getRecords","","","","","can download files in subtable to a specified directory",""
"passed","Thu Jun 13 16:02:18 GMT 2024","Thu Jun 13 16:02:25 GMT 2024","7069","","CliKintoneTest-141 Should delete the records of the app that have set the App Code, and the Record_number contains the App Code.","","","","CliKintoneTest-141 Should delete the records of the app that have set the App Code, and the Record_number contains the App Code.",""
"passed","Thu Jun 13 16:01:22 GMT 2024","Thu Jun 13 16:01:22 GMT 2024","16","parseCsv","","","","","should convert multiple subtables included csv string to JSON correctly",""
"passed","Thu Jun 13 16:01:19 GMT 2024","Thu Jun 13 16:01:19 GMT 2024","8","convertFieldValue","","","","","[10] convert CREATED_TIME field correctly",""
"passed","Thu Jun 13 16:03:05 GMT 2024","Thu Jun 13 16:03:09 GMT 2024","3972","","CliKintoneTest-169 Should not delete the records when specifying other than Y, n in the confirmation prompt.","","","","CliKintoneTest-169 Should not delete the records when specifying other than Y, n in the confirmation prompt.",""
"passed","Thu Jun 13 16:01:19 GMT 2024","Thu Jun 13 16:01:19 GMT 2024","6","convertFieldValue","","","","","[6] convert LINK field correctly",""
"passed","Thu Jun 13 16:01:19 GMT 2024","Thu Jun 13 16:01:19 GMT 2024","10","convertFieldValue","","","","","[20] convert FILE field correctly",""
"passed","Thu Jun 13 16:01:19 GMT 2024","Thu Jun 13 16:01:19 GMT 2024","22","upsertRecords","","","","","should throw error when update key field does not exist on input record",""
"passed","Thu Jun 13 16:03:00 GMT 2024","Thu Jun 13 16:03:03 GMT 2024","2666","","CliKintoneTest-109 Should return the record contents when exporting the record with correct --guest-space-id specified","","","","CliKintoneTest-109 Should return the record contents when exporting the record with correct --guest-space-id specified",""
"passed","Thu Jun 13 16:01:18 GMT 2024","Thu Jun 13 16:01:18 GMT 2024","9","getRecords","","","","","can get records",""
"passed","Thu Jun 13 16:01:20 GMT 2024","Thu Jun 13 16:01:20 GMT 2024","3","Helper functions","replacePlaceholders","","","","should replace placeholders correctly",""
"passed","Thu Jun 13 16:01:20 GMT 2024","Thu Jun 13 16:01:20 GMT 2024","4","deleteRecords","","","","","should pass parameters to the apiClient correctly",""
"passed","Thu Jun 13 16:01:19 GMT 2024","Thu Jun 13 16:01:20 GMT 2024","6","convertFieldValue","","","","","[4] convert SINGLE_LINE_TEXT field correctly",""
"passed","Thu Jun 13 16:01:53 GMT 2024","Thu Jun 13 16:01:56 GMT 2024","3045","","CliKintoneTest-26 Should import the records successfully with two valid API Token in different apps.","","","","CliKintoneTest-26 Should import the records successfully with two valid API Token in different apps.",""
"passed","Thu Jun 13 16:01:23 GMT 2024","Thu Jun 13 16:01:23 GMT 2024","5","createSchema","","","","","formLayout should create schema correctly without system fields on layout",""
"passed","Thu Jun 13 16:01:20 GMT 2024","Thu Jun 13 16:01:20 GMT 2024","8","convertFieldValue","","","","","[12] convert MULTI_SELECT field correctly",""
"passed","Thu Jun 13 16:01:42 GMT 2024","Thu Jun 13 16:01:45 GMT 2024","2949","","CliKintoneTest-126 Should return the error message with an API Token without Delete permission.","","","","CliKintoneTest-126 Should return the error message with an API Token without Delete permission.",""
"passed","Thu Jun 13 16:01:20 GMT 2024","Thu Jun 13 16:01:20 GMT 2024","13","convertFieldValue","","","","","[19] convert TIME field correctly",""
"passed","Thu Jun 13 16:01:20 GMT 2024","Thu Jun 13 16:01:20 GMT 2024","4","StandardLogger","","","","","should display ERROR message when calling logger with ""error"" level",""
"passed","Thu Jun 13 16:01:44 GMT 2024","Thu Jun 13 16:01:45 GMT 2024","511","","CliKintoneTest-13 Should return the error message when missing the --guest-space-id option and the app is in a guest space.","","","","CliKintoneTest-13 Should return the error message when missing the --guest-space-id option and the app is in a guest space.",""
"passed","Thu Jun 13 16:01:19 GMT 2024","Thu Jun 13 16:01:19 GMT 2024","6","upsertRecords","","","","","should upsert records correctly with record numbers on local and kintone have app code",""
"passed","Thu Jun 13 16:02:53 GMT 2024","Thu Jun 13 16:02:56 GMT 2024","3089","","CliKintoneTest-101 Should return the record contents when exporting the record with --fields specified, including multiple existent field codes.","","","","CliKintoneTest-101 Should return the record contents when exporting the record with --fields specified, including multiple existent field codes.",""
"passed","Thu Jun 13 16:01:20 GMT 2024","Thu Jun 13 16:01:20 GMT 2024","3","deleteRecords","","","","","should not fail",""
"passed","Thu Jun 13 16:01:57 GMT 2024","Thu Jun 13 16:02:00 GMT 2024","3551","","CliKintoneTest-132 Should delete records of specified app successfully with two valid API Tokens in different apps.","","","","CliKintoneTest-132 Should delete records of specified app successfully with two valid API Tokens in different apps.",""
"passed","Thu Jun 13 16:01:52 GMT 2024","Thu Jun 13 16:01:52 GMT 2024","496","","CliKintoneTest-24 Should return the error message when importing records with draft API Token.","","","","CliKintoneTest-24 Should return the error message when importing records with draft API Token.",""
"passed","Thu Jun 13 16:01:20 GMT 2024","Thu Jun 13 16:01:20 GMT 2024","12","convertFieldValue","","","","","[17] convert DATE field correctly",""
"passed","Thu Jun 13 16:03:04 GMT 2024","Thu Jun 13 16:03:07 GMT 2024","3010","","CliKintoneTest-111 Should return the record contents when exporting the record with --encoding option is utf8.","","","","CliKintoneTest-111 Should return the record contents when exporting the record with --encoding option is utf8.",""
"passed","Thu Jun 13 16:01:19 GMT 2024","Thu Jun 13 16:01:19 GMT 2024","4","withIndexIterator","","","","","can iterate from data source with index",""
"passed","Thu Jun 13 16:01:23 GMT 2024","Thu Jun 13 16:01:23 GMT 2024","4","ParserError","","","","","should throw error when the record number field code is not found",""
"passed","Thu Jun 13 16:01:23 GMT 2024","Thu Jun 13 16:01:23 GMT 2024","10","hasAppCode","","","","","should throw with invalid error (input: Hoge-123, appCode: )",""
"passed","Thu Jun 13 16:01:20 GMT 2024","Thu Jun 13 16:01:20 GMT 2024","7","convertFieldValue","","","","","[9] convert CHECK_BOX field correctly",""
"passed","Thu Jun 13 16:02:49 GMT 2024","Thu Jun 13 16:02:49 GMT 2024","129","","CliKintoneTest-43 Should return the error message when importing a non-existent CSV file.","","","","CliKintoneTest-43 Should return the error message when importing a non-existent CSV file.",""
"passed","Thu Jun 13 16:01:20 GMT 2024","Thu Jun 13 16:01:20 GMT 2024","2","parseKintoneRestAPIError","","","","","should return parsed string",""
"passed","Thu Jun 13 16:01:22 GMT 2024","Thu Jun 13 16:01:22 GMT 2024","13","parseCsv","","","","","should convert subtable included csv string to JSON correctly",""
"passed","Thu Jun 13 16:01:18 GMT 2024","Thu Jun 13 16:01:18 GMT 2024","14","getRecords","","","","","can download files to a specified directory",""
"passed","Thu Jun 13 16:01:20 GMT 2024","Thu Jun 13 16:01:20 GMT 2024","14","convertFieldValue","","","","","[20] convert DATETIME field correctly",""
"passed","Thu Jun 13 16:01:22 GMT 2024","Thu Jun 13 16:01:22 GMT 2024","3","File Generator functions","Generate file success","","","","should generate file correctly",""
"passed","Thu Jun 13 16:01:18 GMT 2024","Thu Jun 13 16:01:18 GMT 2024","7","api","","","","","should pass information of client certificate and proxy server to the apiClient correctly",""
"passed","Thu Jun 13 16:01:21 GMT 2024","Thu Jun 13 16:01:21 GMT 2024","9","csvStringifier","","","","","should convert kintone records to csv string correctly when FILE included and without attachmentsDir option",""
"passed","Thu Jun 13 16:03:03 GMT 2024","Thu Jun 13 16:03:04 GMT 2024","505","","CliKintoneTest-110 Should return the error message when exporting the record with incorrect --guest-space-id","","","","CliKintoneTest-110 Should return the error message when exporting the record with incorrect --guest-space-id",""
"passed","Thu Jun 13 16:01:20 GMT 2024","Thu Jun 13 16:01:20 GMT 2024","2","fieldInSubtableReader","","","","","all fields have valid value",""
"passed","Thu Jun 13 16:01:20 GMT 2024","Thu Jun 13 16:01:20 GMT 2024","14","convertFieldValue","","","","","[24] convert ORGANIZATION_SELECT field correctly",""
"passed","Thu Jun 13 16:01:19 GMT 2024","Thu Jun 13 16:01:19 GMT 2024","3","CliKintoneError","","","","","toStringCause should output the correct sentence. (inner: KintoneRestAPIError with GAIA_IL23)",""
"passed","Thu Jun 13 16:01:21 GMT 2024","Thu Jun 13 16:01:21 GMT 2024","7","validateRecordNumbers","","","","","should throw error when the record number is empty",""
"passed","Thu Jun 13 16:01:23 GMT 2024","Thu Jun 13 16:01:23 GMT 2024","4","logHandler","","","","","should set ""error"" to the log config level when log-level argument is ""error""",""
"passed","Thu Jun 13 16:01:20 GMT 2024","Thu Jun 13 16:01:20 GMT 2024","12","Record command","Valid parameters","","","","should return the import query correctly",""
"passed","Thu Jun 13 16:03:10 GMT 2024","Thu Jun 13 16:03:14 GMT 2024","4268","","CliKintoneTest-124 Should return the record contents successfully, including table data, when exporting the records","","","","CliKintoneTest-124 Should return the record contents successfully, including table data, when exporting the records",""
"passed","Thu Jun 13 16:01:21 GMT 2024","Thu Jun 13 16:01:21 GMT 2024","2","Record - Subcommand","getArgumentsListBySubcommand","","","","should return the arguments list of the record import correctly",""
"passed","Thu Jun 13 16:02:17 GMT 2024","Thu Jun 13 16:02:23 GMT 2024","5745","","CliKintoneTest-92 Should return the record contents and download attachments successfully with attachments in different records.","","","","CliKintoneTest-92 Should return the record contents and download attachments successfully with attachments in different records.",""
"passed","Thu Jun 13 16:01:19 GMT 2024","Thu Jun 13 16:01:19 GMT 2024","26","upsertRecords","","","","","should throw error because the record numbers are mixed with those with and without app code",""
"passed","Thu Jun 13 16:01:20 GMT 2024","Thu Jun 13 16:01:20 GMT 2024","7","userSelected","","","","","should throw an Error if specified field is in a Table field",""
"passed","Thu Jun 13 16:01:42 GMT 2024","Thu Jun 13 16:01:42 GMT 2024","125","","CliKintoneTest-2 Should return the error message when specifying unknown subcommand","","","","CliKintoneTest-2 Should return the error message when specifying unknown subcommand",""
"passed","Thu Jun 13 16:01:19 GMT 2024","Thu Jun 13 16:01:19 GMT 2024","9","convertFieldValue","","","","","[16] convert MULTI_SELECT field correctly",""
"passed","Thu Jun 13 16:01:20 GMT 2024","Thu Jun 13 16:01:20 GMT 2024","2","fieldInSubtableReader","","","","","missing field value",""
"passed","Thu Jun 13 16:02:57 GMT 2024","Thu Jun 13 16:02:58 GMT 2024","866","","CliKintoneTest-103 Should return the error message when exporting records with --fields specified, including fields within a table.","","","","CliKintoneTest-103 Should return the error message when exporting records with --fields specified, including fields within a table.",""
"passed","Thu Jun 13 16:03:44 GMT 2024","Thu Jun 13 16:03:53 GMT 2024","8301","","CliKintoneTest-75 Should delete attachments successfully when upserting records without the attachment field.","","","","CliKintoneTest-75 Should delete attachments successfully when upserting records without the attachment field.",""
"passed","Thu Jun 13 16:01:19 GMT 2024","Thu Jun 13 16:01:19 GMT 2024","11","addRecords","","","","","should pass parameters to the apiClient correctly",""
